6
1 9679 NULL NULL 0
2 4648 NULL NULL 4
6 9488 4648 NULL 7
3 6937 9679 NULL 10
2 2176 9488 4648 16
1 7413 9679 9679 18
6 9191 7413 9488 24
6 2893 2176 9191 24
3 6235 7413 6937 29
5 5480 2893 NULL 34
1 7567 6235 7413 41
2 7370 5480 2176 44
4 4868 7370 NULL 50
5 2093 7567 5480 51
1 2743 2093 7567 60
6 6793 4868 2893 61
4 5758 6793 4868 68
1 6550 2743 2743 69
1 6958 6550 6550 80
3 6439 5758 6235 80
5 8974 6439 2093 89
3 4670 6958 6439 92
6 9593 8974 6793 98
2 8239 4670 7370 104
3 9749 8239 4670 113
Done